9.0 145.0 80.0 46.0 130.0 37.9 0.637 40.0 1.0 
1.0 108.0 60.0 46.0 178.0 35.5 0.415 24.0 0.0 
1.0 128.0 88.0 39.0 110.0 36.5 1.057 37.0 1.0 
12.0 140.0 82.0 43.0 325.0 39.2 0.528 58.0 1.0 
7.0 97.0 76.0 32.0 91.0 40.9 0.871 32.0 1.0 
1.0 100.0 74.0 12.0 46.0 19.5 0.149 28.0 0.0 
3.0 173.0 84.0 33.0 474.0 35.7 0.258 22.0 1.0 
2.0 68.0 70.0 32.0 66.0 25.0 0.187 25.0 0.0 
1.0 90.0 62.0 18.0 59.0 25.1 1.268 25.0 0.0 
2.0 128.0 78.0 37.0 182.0 43.3 1.224 31.0 1.0 
4.0 96.0 56.0 17.0 49.0 20.8 0.34 26.0 0.0 
2.0 94.0 68.0 18.0 76.0 26.0 0.561 21.0 0.0 
5.0 126.0 78.0 27.0 22.0 29.6 0.439 40.0 0.0 
7.0 133.0 88.0 15.0 155.0 32.4 0.262 37.0 0.0 
3.0 83.0 58.0 31.0 18.0 34.3 0.336 25.0 0.0 
4.0 147.0 74.0 25.0 293.0 34.9 0.385 30.0 0.0 
11.0 136.0 84.0 35.0 130.0 28.3 0.26 42.0 1.0 
2.0 81.0 72.0 15.0 76.0 30.1 0.547 25.0 0.0 
1.0 97.0 66.0 15.0 140.0 23.2 0.487 22.0 0.0 
1.0 119.0 54.0 13.0 50.0 22.3 0.205 24.0 0.0 
12.0 151.0 70.0 40.0 271.0 41.8 0.742 38.0 1.0 
3.0 89.0 74.0 16.0 85.0 30.4 0.551 38.0 0.0 
3.0 191.0 68.0 15.0 130.0 30.9 0.299 34.0 0.0 
2.0 120.0 76.0 37.0 105.0 39.7 0.215 29.0 0.0 
2.0 127.0 46.0 21.0 335.0 34.4 0.176 22.0 0.0 
1.0 103.0 30.0 38.0 83.0 43.3 0.183 33.0 0.0 
2.0 82.0 52.0 22.0 115.0 28.5 1.699 25.0 0.0 
5.0 158.0 84.0 41.0 210.0 39.4 0.395 29.0 1.0 
1.0 119.0 86.0 39.0 220.0 45.6 0.808 29.0 1.0 
1.0 100.0 66.0 15.0 56.0 23.6 0.666 26.0 0.0 
6.0 129.0 90.0 7.0 326.0 19.6 0.582 60.0 0.0 
3.0 170.0 64.0 37.0 225.0 34.5 0.356 30.0 1.0 
1.0 96.0 64.0 27.0 87.0 33.2 0.289 21.0 0.0 
5.0 109.0 62.0 41.0 129.0 35.8 0.514 25.0 1.0 
5.0 155.0 84.0 44.0 545.0 38.7 0.619 34.0 0.0 
1.0 71.0 78.0 50.0 45.0 33.2 0.422 21.0 0.0 
1.0 181.0 78.0 42.0 293.0 40.0 1.258 22.0 1.0 
1.0 80.0 74.0 11.0 60.0 30.0 0.527 22.0 0.0 
1.0 100.0 66.0 29.0 196.0 32.0 0.444 42.0 0.0 
1.0 157.0 72.0 21.0 168.0 25.6 0.123 24.0 0.0 
17.0 163.0 72.0 41.0 114.0 40.9 0.817 47.0 1.0 
2.0 75.0 64.0 24.0 55.0 29.7 0.37 33.0 0.0 
8.0 181.0 68.0 36.0 495.0 30.1 0.615 60.0 1.0 
9.0 124.0 70.0 33.0 402.0 35.4 0.282 34.0 0.0 
8.0 126.0 88.0 36.0 108.0 38.5 0.349 49.0 0.0 
4.0 197.0 70.0 39.0 744.0 36.7 2.329 31.0 0.0 
2.0 125.0 60.0 20.0 140.0 33.8 0.088 31.0 0.0 
2.0 98.0 60.0 17.0 120.0 34.7 0.198 22.0 0.0 
3.0 103.0 72.0 30.0 152.0 27.6 0.73 27.0 0.0 
4.0 103.0 60.0 33.0 192.0 24.0 0.966 33.0 0.0 
6.0 93.0 50.0 30.0 64.0 28.7 0.356 23.0 0.0 
3.0 180.0 64.0 25.0 70.0 34.0 0.271 26.0 0.0 
1.0 143.0 84.0 23.0 310.0 42.4 1.076 22.0 0.0 
15.0 136.0 70.0 32.0 110.0 37.1 0.153 43.0 1.0 
1.0 99.0 72.0 30.0 18.0 38.6 0.412 21.0 0.0 
2.0 146.0 70.0 38.0 360.0 28.0 0.337 29.0 1.0 
4.0 117.0 64.0 27.0 120.0 33.2 0.23 24.0 0.0 
3.0 111.0 58.0 31.0 44.0 29.5 0.43 22.0 0.0 
7.0 187.0 68.0 39.0 304.0 37.7 0.254 41.0 1.0 
2.0 197.0 70.0 45.0 543.0 30.5 0.158 53.0 1.0 
9.0 156.0 86.0 28.0 155.0 34.3 1.189 42.0 1.0 
1.0 136.0 74.0 50.0 204.0 37.4 0.399 24.0 0.0 
4.0 111.0 72.0 47.0 207.0 37.1 1.39 56.0 1.0 
2.0 107.0 74.0 30.0 100.0 33.6 0.404 23.0 0.0 
1.0 92.0 62.0 25.0 41.0 19.5 0.482 25.0 0.0 
6.0 104.0 74.0 18.0 156.0 29.9 0.722 41.0 1.0 
5.0 139.0 64.0 35.0 140.0 28.6 0.411 26.0 0.0 
1.0 90.0 62.0 12.0 43.0 27.2 0.58 24.0 0.0 
1.0 181.0 64.0 30.0 180.0 34.1 0.328 38.0 1.0 
5.0 77.0 82.0 41.0 42.0 35.8 0.156 35.0 0.0 
2.0 124.0 68.0 28.0 205.0 32.9 0.875 30.0 1.0 
2.0 144.0 58.0 33.0 135.0 31.6 0.422 25.0 1.0 
8.0 151.0 78.0 32.0 210.0 42.9 0.516 36.0 1.0 
1.0 122.0 64.0 32.0 156.0 35.1 0.692 30.0 1.0 
1.0 114.0 66.0 36.0 200.0 38.1 0.289 21.0 0.0 
1.0 89.0 76.0 34.0 37.0 31.2 0.192 23.0 0.0 
1.0 103.0 80.0 11.0 82.0 19.4 0.491 22.0 0.0 
12.0 92.0 62.0 7.0 258.0 27.6 0.926 44.0 1.0 
1.0 79.0 80.0 25.0 37.0 25.4 0.583 22.0 0.0 
7.0 136.0 74.0 26.0 135.0 26.0 0.647 51.0 0.0 
6.0 151.0 62.0 31.0 120.0 35.5 0.692 28.0 0.0 
3.0 99.0 62.0 19.0 74.0 21.8 0.279 26.0 0.0 
11.0 155.0 76.0 28.0 150.0 33.3 1.353 51.0 1.0 
1.0 112.0 72.0 30.0 176.0 34.4 0.528 25.0 0.0 
5.0 108.0 72.0 43.0 75.0 36.1 0.263 33.0 0.0 
2.0 99.0 70.0 16.0 44.0 20.4 0.235 27.0 0.0 
2.0 99.0 52.0 15.0 94.0 24.6 0.637 21.0 0.0 
1.0 121.0 78.0 39.0 74.0 39.0 0.261 28.0 0.0 
7.0 150.0 66.0 42.0 342.0 34.7 0.718 42.0 0.0 
2.0 68.0 62.0 13.0 15.0 20.1 0.257 23.0 0.0 
1.0 95.0 66.0 13.0 38.0 19.6 0.334 25.0 0.0 
7.0 81.0 78.0 40.0 48.0 46.7 0.261 42.0 0.0 
3.0 130.0 78.0 23.0 79.0 28.4 0.323 34.0 1.0 
5.0 187.0 76.0 27.0 207.0 43.6 1.034 53.0 1.0 
13.0 152.0 90.0 33.0 29.0 26.8 0.731 43.0 1.0 
1.0 95.0 82.0 25.0 180.0 35.0 0.233 43.0 1.0 
3.0 116.0 74.0 15.0 105.0 26.3 0.107 24.0 0.0 
2.0 146.0 76.0 35.0 194.0 38.2 0.329 29.0 0.0 
14.0 100.0 78.0 25.0 184.0 36.6 0.412 46.0 1.0 
3.0 129.0 64.0 29.0 115.0 26.4 0.219 28.0 1.0 
11.0 143.0 94.0 33.0 146.0 36.6 0.254 51.0 1.0 
3.0 176.0 86.0 27.0 156.0 33.3 1.154 52.0 1.0 
2.0 155.0 74.0 17.0 96.0 26.6 0.433 27.0 1.0 
9.0 145.0 88.0 34.0 165.0 30.3 0.771 53.0 1.0 
7.0 129.0 68.0 49.0 125.0 38.5 0.439 43.0 1.0 
2.0 112.0 86.0 42.0 160.0 38.4 0.246 28.0 0.0 
12.0 88.0 74.0 40.0 54.0 35.3 0.378 48.0 0.0 
11.0 138.0 74.0 26.0 144.0 36.1 0.557 50.0 1.0 
2.0 88.0 74.0 19.0 53.0 29.0 0.229 22.0 0.0 
1.0 88.0 62.0 24.0 44.0 29.9 0.422 23.0 0.0 
5.0 144.0 82.0 26.0 285.0 32.0 0.452 58.0 1.0 
2.0 100.0 70.0 52.0 57.0 40.5 0.677 25.0 0.0 
6.0 119.0 50.0 22.0 176.0 27.1 1.318 33.0 1.0 
4.0 154.0 62.0 31.0 284.0 32.8 0.237 23.0 0.0 
6.0 92.0 62.0 32.0 126.0 32.0 0.085 46.0 0.0 
1.0 164.0 82.0 43.0 67.0 32.8 0.341 50.0 0.0 
4.0 129.0 60.0 12.0 231.0 27.5 0.527 31.0 0.0 
1.0 130.0 70.0 13.0 105.0 25.9 0.472 22.0 0.0 
4.0 116.0 72.0 12.0 87.0 22.1 0.463 37.0 0.0 
1.0 77.0 56.0 30.0 56.0 33.3 1.251 24.0 0.0 
1.0 128.0 48.0 45.0 194.0 40.5 0.613 24.0 1.0 
2.0 122.0 76.0 27.0 200.0 35.9 0.483 26.0 0.0 
3.0 128.0 72.0 25.0 190.0 32.4 0.549 27.0 1.0 
3.0 81.0 86.0 16.0 66.0 27.5 0.306 22.0 0.0 
1.0 87.0 60.0 37.0 75.0 37.2 0.509 22.0 0.0 
2.0 102.0 86.0 36.0 120.0 45.5 0.127 23.0 1.0 
11.0 120.0 80.0 37.0 150.0 42.3 0.785 48.0 1.0 
2.0 105.0 80.0 45.0 191.0 33.7 0.711 29.0 1.0 
6.0 134.0 80.0 37.0 370.0 46.2 0.238 46.0 1.0 
8.0 179.0 72.0 42.0 130.0 32.7 0.719 36.0 1.0 
1.0 131.0 64.0 14.0 415.0 23.7 0.389 21.0 0.0 
1.0 88.0 78.0 29.0 76.0 32.0 0.365 29.0 0.0 
2.0 100.0 66.0 20.0 90.0 32.9 0.867 28.0 1.0 
4.0 90.0 88.0 47.0 54.0 37.7 0.362 29.0 0.0 
5.0 123.0 74.0 40.0 77.0 34.1 0.269 28.0 0.0 
10.0 101.0 76.0 48.0 180.0 32.9 0.171 63.0 0.0 
7.0 124.0 70.0 33.0 215.0 25.5 0.161 37.0 0.0 
1.0 172.0 68.0 49.0 579.0 42.4 0.702 28.0 1.0 
1.0 144.0 82.0 46.0 180.0 46.1 0.335 46.0 1.0 
8.0 155.0 62.0 26.0 495.0 34.0 0.543 46.0 1.0 
3.0 124.0 80.0 33.0 130.0 33.2 0.305 26.0 0.0 
1.0 120.0 80.0 48.0 200.0 38.9 1.162 41.0 0.0 
7.0 150.0 78.0 29.0 126.0 35.2 0.692 54.0 1.0 
2.0 105.0 58.0 40.0 94.0 34.9 0.225 25.0 0.0 
4.0 123.0 80.0 15.0 176.0 32.0 0.443 34.0 0.0 
1.0 97.0 64.0 19.0 82.0 18.2 0.299 21.0 0.0 
12.0 100.0 84.0 33.0 105.0 30.0 0.488 46.0 0.0 
3.0 158.0 70.0 30.0 328.0 35.5 0.344 35.0 1.0 
4.0 99.0 76.0 15.0 51.0 23.2 0.223 21.0 0.0 
1.0 128.0 98.0 41.0 58.0 32.0 1.321 33.0 1.0 
8.0 196.0 76.0 29.0 280.0 37.5 0.605 57.0 1.0 
3.0 171.0 72.0 33.0 135.0 33.3 0.199 24.0 1.0 
6.0 99.0 60.0 19.0 54.0 26.9 0.497 32.0 0.0 
1.0 116.0 78.0 29.0 180.0 36.1 0.496 25.0 0.0 
3.0 78.0 50.0 32.0 88.0 31.0 0.248 26.0 1.0 
3.0 158.0 76.0 36.0 245.0 31.6 0.851 28.0 1.0 
1.0 153.0 82.0 42.0 485.0 40.6 0.687 23.0 0.0 
2.0 112.0 78.0 50.0 140.0 39.4 0.175 24.0 0.0 
1.0 130.0 60.0 23.0 170.0 28.6 0.692 21.0 0.0 
1.0 91.0 54.0 25.0 100.0 25.2 0.234 23.0 0.0 
1.0 109.0 38.0 18.0 120.0 23.1 0.407 26.0 0.0 
1.0 119.0 44.0 47.0 63.0 35.5 0.28 25.0 0.0 
4.0 184.0 78.0 39.0 277.0 37.0 0.264 31.0 1.0 
6.0 154.0 78.0 41.0 140.0 46.1 0.571 27.0 0.0 
7.0 195.0 70.0 33.0 145.0 25.1 0.163 55.0 1.0 
1.0 143.0 74.0 22.0 61.0 26.2 0.256 21.0 0.0 
9.0 134.0 74.0 33.0 60.0 25.9 0.46 81.0 0.0 
1.0 100.0 72.0 12.0 70.0 25.3 0.658 28.0 0.0 
