4,6
15,4
17,11
21,14
22,8
25,9
25,13
21,35
15,34
6,37
12,38
11,44
18,48
6,54
15,55
22,53
12,67
17,67
18,77
39,15
38,21
42,13
29,24
46,22
49,18
49,26
29,51
33,57
31,65
42,55
48,60
57,63
61,74
63,86
55,84
52,105
38,106
33,97
39,112
27,120
36,121
42,131
34,129
34,139
45,137
52,122
87,134
91,125
106,121
110,131
121,127
90,104
77,102
114,74
114,20
108,75
108,11
114,55
115,44
114,34
106,35
99,14
99,9
110,5
91,6
82,6
75,8
122,14
125,20
125,38
131,51
123,56
134,58
40,54
40,60
47,59
53,68
60,63
74,69
68,80
51,81
64,85
53,93
67,94
50,102
33,75
43,77
44,87
34,93
43,100
27,111
84,37
90,41
89,51
75,38
90,63
89,67
76,59
111,6
100,14
43,131
37,135


7,21
9,22
8,8
14,23
19,22
17,25
11,25
7,24
28,33
32,33
29,37
32,40
36,42
35,40
35,37
33,34
35,33
37,35
35,39
39,39
41,34
40,42
43,43
35,37
47,34
50,33
48,39
49,44
52,39
50,35
53,34
56,40
55,44
57,48
61,44
63,44
67,48
69,44
96,46
98,50
96,54
96,72
98,56
97,59
95,62
98,62
103,62
105,57
103,55
104,46
103,43
104,43
75,77
76,80
75,84
77,86
75,90
77,91
79,88
84,79
84,76
86,79
90,76
38,67
42,67
44,65
45,69
97,72
78,90
73,78
80,88
82,80
102,56