1,3
4,6
8,4
11,7
16,13
21,9
22,4
21,16
7,21
7,26
14,25
15,21
18,25
15,32
20,35
22,33
5,36
7,39
12,38
14,43
10,48
16,47
22,49
7,55
15,56
21,55
15,62
6,27
10,67
16,65
3,76
5,83
11,87
15,82
17,85
20,77
23,64
23,70
30,141
36,138
41,139
44,137
44,127
37,130
31,132
25,129
20,131
19,128
21,123
26,119
30,122
36,118
38,121
44,119
50,118
52,121
53,124
58,112
60,105
58,100
62,103
68,107
63,111
67,113
68,51
68,46
63,45
55,46
53,38
45,33
51,39
34,34
27,39
28,25
32,21
38,23
40,16
42,11
37,9
29,5
29,10
30,15
45,23
49,25
47,21
56,15
54,26
57,22
66,22
74,4
75,8
83,8
91,12
92,13
120,13
123,18
126,21
74,33
75,46
83,33
92,38
84,47
89,55
75,61
88,64
75,76
76,83
79,90
74,99
80,98
74,105
79,104
86,101
90,105
90,109
87,119
88,124
95,131
85,133
87,136
100,127
98,133
108,129
115,134
122,127
119,122
109,119
113,78
108,77
97,71
97,62
97,54
95,51
98,45
104,42
103,47
103,54
104,62
108,61
113,70
114,78
108,75
122,41
123,49
126,54
124,60
130,51
132,41
137,58
137,40